{
 "cells": [
  {
   "cell_type": "code",
   "execution_count": 1,
   "id": "ecd5690f",
   "metadata": {},
   "outputs": [],
   "source": [
    "import numpy as np\n",
    "import pandas as pd\n",
    "data=pd.read_csv(\"C:\\\\Users\\\\user\\\\DSL_study\\\\강의자료\\\\여름방학\\\\week2\\\\data\\\\카카오.csv\",encoding='CP949',header=None,names=['종목명' , '종목코드' , '날짜'  , '시가'  , '고가' , '저가' , '종가' , '거래량'])\n",
    "data\n",
    "\n",
    "data2=data[::-1]"
   ]
  },
  {
   "cell_type": "code",
   "execution_count": 2,
   "id": "7fd31f1e",
   "metadata": {
    "scrolled": true
   },
   "outputs": [
    {
     "data": {
      "text/html": [
       "<div>\n",
       "<style scoped>\n",
       "    .dataframe tbody tr th:only-of-type {\n",
       "        vertical-align: middle;\n",
       "    }\n",
       "\n",
       "    .dataframe tbody tr th {\n",
       "        vertical-align: top;\n",
       "    }\n",
       "\n",
       "    .dataframe thead th {\n",
       "        text-align: right;\n",
       "    }\n",
       "</style>\n",
       "<table border=\"1\" class=\"dataframe\">\n",
       "  <thead>\n",
       "    <tr style=\"text-align: right;\">\n",
       "      <th></th>\n",
       "      <th>종목명</th>\n",
       "      <th>종목코드</th>\n",
       "      <th>날짜</th>\n",
       "      <th>시가</th>\n",
       "      <th>고가</th>\n",
       "      <th>저가</th>\n",
       "      <th>종가</th>\n",
       "      <th>거래량</th>\n",
       "    </tr>\n",
       "  </thead>\n",
       "  <tbody>\n",
       "    <tr>\n",
       "      <th>2855</th>\n",
       "      <td>카카오</td>\n",
       "      <td>A035720</td>\n",
       "      <td>20100105</td>\n",
       "      <td>14600</td>\n",
       "      <td>15060</td>\n",
       "      <td>14440</td>\n",
       "      <td>14800</td>\n",
       "      <td>620780</td>\n",
       "    </tr>\n",
       "    <tr>\n",
       "      <th>2854</th>\n",
       "      <td>카카오</td>\n",
       "      <td>A035720</td>\n",
       "      <td>20100106</td>\n",
       "      <td>14920</td>\n",
       "      <td>15040</td>\n",
       "      <td>14600</td>\n",
       "      <td>14860</td>\n",
       "      <td>362265</td>\n",
       "    </tr>\n",
       "    <tr>\n",
       "      <th>2853</th>\n",
       "      <td>카카오</td>\n",
       "      <td>A035720</td>\n",
       "      <td>20100107</td>\n",
       "      <td>14860</td>\n",
       "      <td>14960</td>\n",
       "      <td>14420</td>\n",
       "      <td>14680</td>\n",
       "      <td>496205</td>\n",
       "    </tr>\n",
       "    <tr>\n",
       "      <th>2852</th>\n",
       "      <td>카카오</td>\n",
       "      <td>A035720</td>\n",
       "      <td>20100108</td>\n",
       "      <td>14700</td>\n",
       "      <td>14700</td>\n",
       "      <td>14020</td>\n",
       "      <td>14580</td>\n",
       "      <td>574090</td>\n",
       "    </tr>\n",
       "    <tr>\n",
       "      <th>2851</th>\n",
       "      <td>카카오</td>\n",
       "      <td>A035720</td>\n",
       "      <td>20100111</td>\n",
       "      <td>14640</td>\n",
       "      <td>14680</td>\n",
       "      <td>14180</td>\n",
       "      <td>14400</td>\n",
       "      <td>628700</td>\n",
       "    </tr>\n",
       "    <tr>\n",
       "      <th>...</th>\n",
       "      <td>...</td>\n",
       "      <td>...</td>\n",
       "      <td>...</td>\n",
       "      <td>...</td>\n",
       "      <td>...</td>\n",
       "      <td>...</td>\n",
       "      <td>...</td>\n",
       "      <td>...</td>\n",
       "    </tr>\n",
       "    <tr>\n",
       "      <th>4</th>\n",
       "      <td>카카오</td>\n",
       "      <td>A035720</td>\n",
       "      <td>20210722</td>\n",
       "      <td>144500</td>\n",
       "      <td>148000</td>\n",
       "      <td>142500</td>\n",
       "      <td>147500</td>\n",
       "      <td>5759268</td>\n",
       "    </tr>\n",
       "    <tr>\n",
       "      <th>3</th>\n",
       "      <td>카카오</td>\n",
       "      <td>A035720</td>\n",
       "      <td>20210723</td>\n",
       "      <td>148500</td>\n",
       "      <td>153500</td>\n",
       "      <td>147500</td>\n",
       "      <td>149500</td>\n",
       "      <td>5249906</td>\n",
       "    </tr>\n",
       "    <tr>\n",
       "      <th>2</th>\n",
       "      <td>카카오</td>\n",
       "      <td>A035720</td>\n",
       "      <td>20210726</td>\n",
       "      <td>151500</td>\n",
       "      <td>153000</td>\n",
       "      <td>146500</td>\n",
       "      <td>147500</td>\n",
       "      <td>4071898</td>\n",
       "    </tr>\n",
       "    <tr>\n",
       "      <th>1</th>\n",
       "      <td>카카오</td>\n",
       "      <td>A035720</td>\n",
       "      <td>20210727</td>\n",
       "      <td>147500</td>\n",
       "      <td>149000</td>\n",
       "      <td>145500</td>\n",
       "      <td>148000</td>\n",
       "      <td>3357695</td>\n",
       "    </tr>\n",
       "    <tr>\n",
       "      <th>0</th>\n",
       "      <td>카카오</td>\n",
       "      <td>A035720</td>\n",
       "      <td>20210728</td>\n",
       "      <td>147000</td>\n",
       "      <td>149500</td>\n",
       "      <td>146500</td>\n",
       "      <td>148500</td>\n",
       "      <td>1978583</td>\n",
       "    </tr>\n",
       "  </tbody>\n",
       "</table>\n",
       "<p>2856 rows × 8 columns</p>\n",
       "</div>"
      ],
      "text/plain": [
       "      종목명     종목코드        날짜      시가      고가      저가      종가      거래량\n",
       "2855  카카오  A035720  20100105   14600   15060   14440   14800   620780\n",
       "2854  카카오  A035720  20100106   14920   15040   14600   14860   362265\n",
       "2853  카카오  A035720  20100107   14860   14960   14420   14680   496205\n",
       "2852  카카오  A035720  20100108   14700   14700   14020   14580   574090\n",
       "2851  카카오  A035720  20100111   14640   14680   14180   14400   628700\n",
       "...   ...      ...       ...     ...     ...     ...     ...      ...\n",
       "4     카카오  A035720  20210722  144500  148000  142500  147500  5759268\n",
       "3     카카오  A035720  20210723  148500  153500  147500  149500  5249906\n",
       "2     카카오  A035720  20210726  151500  153000  146500  147500  4071898\n",
       "1     카카오  A035720  20210727  147500  149000  145500  148000  3357695\n",
       "0     카카오  A035720  20210728  147000  149500  146500  148500  1978583\n",
       "\n",
       "[2856 rows x 8 columns]"
      ]
     },
     "execution_count": 2,
     "metadata": {},
     "output_type": "execute_result"
    }
   ],
   "source": [
    "data2"
   ]
  },
  {
   "cell_type": "code",
   "execution_count": 3,
   "id": "a00db358",
   "metadata": {},
   "outputs": [],
   "source": [
    "data['거래가']=(data['시가']+data['고가'])/2"
   ]
  },
  {
   "cell_type": "code",
   "execution_count": 4,
   "id": "2155ed50",
   "metadata": {},
   "outputs": [
    {
     "data": {
      "text/html": [
       "<div>\n",
       "<style scoped>\n",
       "    .dataframe tbody tr th:only-of-type {\n",
       "        vertical-align: middle;\n",
       "    }\n",
       "\n",
       "    .dataframe tbody tr th {\n",
       "        vertical-align: top;\n",
       "    }\n",
       "\n",
       "    .dataframe thead th {\n",
       "        text-align: right;\n",
       "    }\n",
       "</style>\n",
       "<table border=\"1\" class=\"dataframe\">\n",
       "  <thead>\n",
       "    <tr style=\"text-align: right;\">\n",
       "      <th></th>\n",
       "      <th>종목명</th>\n",
       "      <th>종목코드</th>\n",
       "      <th>날짜</th>\n",
       "      <th>시가</th>\n",
       "      <th>고가</th>\n",
       "      <th>저가</th>\n",
       "      <th>종가</th>\n",
       "      <th>거래량</th>\n",
       "      <th>거래가</th>\n",
       "    </tr>\n",
       "  </thead>\n",
       "  <tbody>\n",
       "    <tr>\n",
       "      <th>0</th>\n",
       "      <td>카카오</td>\n",
       "      <td>A035720</td>\n",
       "      <td>20210728</td>\n",
       "      <td>147000</td>\n",
       "      <td>149500</td>\n",
       "      <td>146500</td>\n",
       "      <td>148500</td>\n",
       "      <td>1978583</td>\n",
       "      <td>148250.0</td>\n",
       "    </tr>\n",
       "    <tr>\n",
       "      <th>1</th>\n",
       "      <td>카카오</td>\n",
       "      <td>A035720</td>\n",
       "      <td>20210727</td>\n",
       "      <td>147500</td>\n",
       "      <td>149000</td>\n",
       "      <td>145500</td>\n",
       "      <td>148000</td>\n",
       "      <td>3357695</td>\n",
       "      <td>148250.0</td>\n",
       "    </tr>\n",
       "    <tr>\n",
       "      <th>2</th>\n",
       "      <td>카카오</td>\n",
       "      <td>A035720</td>\n",
       "      <td>20210726</td>\n",
       "      <td>151500</td>\n",
       "      <td>153000</td>\n",
       "      <td>146500</td>\n",
       "      <td>147500</td>\n",
       "      <td>4071898</td>\n",
       "      <td>152250.0</td>\n",
       "    </tr>\n",
       "    <tr>\n",
       "      <th>3</th>\n",
       "      <td>카카오</td>\n",
       "      <td>A035720</td>\n",
       "      <td>20210723</td>\n",
       "      <td>148500</td>\n",
       "      <td>153500</td>\n",
       "      <td>147500</td>\n",
       "      <td>149500</td>\n",
       "      <td>5249906</td>\n",
       "      <td>151000.0</td>\n",
       "    </tr>\n",
       "    <tr>\n",
       "      <th>4</th>\n",
       "      <td>카카오</td>\n",
       "      <td>A035720</td>\n",
       "      <td>20210722</td>\n",
       "      <td>144500</td>\n",
       "      <td>148000</td>\n",
       "      <td>142500</td>\n",
       "      <td>147500</td>\n",
       "      <td>5759268</td>\n",
       "      <td>146250.0</td>\n",
       "    </tr>\n",
       "    <tr>\n",
       "      <th>...</th>\n",
       "      <td>...</td>\n",
       "      <td>...</td>\n",
       "      <td>...</td>\n",
       "      <td>...</td>\n",
       "      <td>...</td>\n",
       "      <td>...</td>\n",
       "      <td>...</td>\n",
       "      <td>...</td>\n",
       "      <td>...</td>\n",
       "    </tr>\n",
       "    <tr>\n",
       "      <th>2851</th>\n",
       "      <td>카카오</td>\n",
       "      <td>A035720</td>\n",
       "      <td>20100111</td>\n",
       "      <td>14640</td>\n",
       "      <td>14680</td>\n",
       "      <td>14180</td>\n",
       "      <td>14400</td>\n",
       "      <td>628700</td>\n",
       "      <td>14660.0</td>\n",
       "    </tr>\n",
       "    <tr>\n",
       "      <th>2852</th>\n",
       "      <td>카카오</td>\n",
       "      <td>A035720</td>\n",
       "      <td>20100108</td>\n",
       "      <td>14700</td>\n",
       "      <td>14700</td>\n",
       "      <td>14020</td>\n",
       "      <td>14580</td>\n",
       "      <td>574090</td>\n",
       "      <td>14700.0</td>\n",
       "    </tr>\n",
       "    <tr>\n",
       "      <th>2853</th>\n",
       "      <td>카카오</td>\n",
       "      <td>A035720</td>\n",
       "      <td>20100107</td>\n",
       "      <td>14860</td>\n",
       "      <td>14960</td>\n",
       "      <td>14420</td>\n",
       "      <td>14680</td>\n",
       "      <td>496205</td>\n",
       "      <td>14910.0</td>\n",
       "    </tr>\n",
       "    <tr>\n",
       "      <th>2854</th>\n",
       "      <td>카카오</td>\n",
       "      <td>A035720</td>\n",
       "      <td>20100106</td>\n",
       "      <td>14920</td>\n",
       "      <td>15040</td>\n",
       "      <td>14600</td>\n",
       "      <td>14860</td>\n",
       "      <td>362265</td>\n",
       "      <td>14980.0</td>\n",
       "    </tr>\n",
       "    <tr>\n",
       "      <th>2855</th>\n",
       "      <td>카카오</td>\n",
       "      <td>A035720</td>\n",
       "      <td>20100105</td>\n",
       "      <td>14600</td>\n",
       "      <td>15060</td>\n",
       "      <td>14440</td>\n",
       "      <td>14800</td>\n",
       "      <td>620780</td>\n",
       "      <td>14830.0</td>\n",
       "    </tr>\n",
       "  </tbody>\n",
       "</table>\n",
       "<p>2856 rows × 9 columns</p>\n",
       "</div>"
      ],
      "text/plain": [
       "      종목명     종목코드        날짜      시가      고가      저가      종가      거래량  \\\n",
       "0     카카오  A035720  20210728  147000  149500  146500  148500  1978583   \n",
       "1     카카오  A035720  20210727  147500  149000  145500  148000  3357695   \n",
       "2     카카오  A035720  20210726  151500  153000  146500  147500  4071898   \n",
       "3     카카오  A035720  20210723  148500  153500  147500  149500  5249906   \n",
       "4     카카오  A035720  20210722  144500  148000  142500  147500  5759268   \n",
       "...   ...      ...       ...     ...     ...     ...     ...      ...   \n",
       "2851  카카오  A035720  20100111   14640   14680   14180   14400   628700   \n",
       "2852  카카오  A035720  20100108   14700   14700   14020   14580   574090   \n",
       "2853  카카오  A035720  20100107   14860   14960   14420   14680   496205   \n",
       "2854  카카오  A035720  20100106   14920   15040   14600   14860   362265   \n",
       "2855  카카오  A035720  20100105   14600   15060   14440   14800   620780   \n",
       "\n",
       "           거래가  \n",
       "0     148250.0  \n",
       "1     148250.0  \n",
       "2     152250.0  \n",
       "3     151000.0  \n",
       "4     146250.0  \n",
       "...        ...  \n",
       "2851   14660.0  \n",
       "2852   14700.0  \n",
       "2853   14910.0  \n",
       "2854   14980.0  \n",
       "2855   14830.0  \n",
       "\n",
       "[2856 rows x 9 columns]"
      ]
     },
     "execution_count": 4,
     "metadata": {},
     "output_type": "execute_result"
    }
   ],
   "source": [
    "data"
   ]
  },
  {
   "cell_type": "code",
   "execution_count": 5,
   "id": "74ab6de7",
   "metadata": {},
   "outputs": [],
   "source": [
    "data2['거래가']=(data2['시가']+data2['고가'])/2"
   ]
  },
  {
   "cell_type": "code",
   "execution_count": 6,
   "id": "5090ad18",
   "metadata": {},
   "outputs": [
    {
     "data": {
      "text/html": [
       "<div>\n",
       "<style scoped>\n",
       "    .dataframe tbody tr th:only-of-type {\n",
       "        vertical-align: middle;\n",
       "    }\n",
       "\n",
       "    .dataframe tbody tr th {\n",
       "        vertical-align: top;\n",
       "    }\n",
       "\n",
       "    .dataframe thead th {\n",
       "        text-align: right;\n",
       "    }\n",
       "</style>\n",
       "<table border=\"1\" class=\"dataframe\">\n",
       "  <thead>\n",
       "    <tr style=\"text-align: right;\">\n",
       "      <th></th>\n",
       "      <th>종목명</th>\n",
       "      <th>종목코드</th>\n",
       "      <th>날짜</th>\n",
       "      <th>시가</th>\n",
       "      <th>고가</th>\n",
       "      <th>저가</th>\n",
       "      <th>종가</th>\n",
       "      <th>거래량</th>\n",
       "      <th>거래가</th>\n",
       "    </tr>\n",
       "  </thead>\n",
       "  <tbody>\n",
       "    <tr>\n",
       "      <th>2855</th>\n",
       "      <td>카카오</td>\n",
       "      <td>A035720</td>\n",
       "      <td>20100105</td>\n",
       "      <td>14600</td>\n",
       "      <td>15060</td>\n",
       "      <td>14440</td>\n",
       "      <td>14800</td>\n",
       "      <td>620780</td>\n",
       "      <td>14830.0</td>\n",
       "    </tr>\n",
       "    <tr>\n",
       "      <th>2854</th>\n",
       "      <td>카카오</td>\n",
       "      <td>A035720</td>\n",
       "      <td>20100106</td>\n",
       "      <td>14920</td>\n",
       "      <td>15040</td>\n",
       "      <td>14600</td>\n",
       "      <td>14860</td>\n",
       "      <td>362265</td>\n",
       "      <td>14980.0</td>\n",
       "    </tr>\n",
       "    <tr>\n",
       "      <th>2853</th>\n",
       "      <td>카카오</td>\n",
       "      <td>A035720</td>\n",
       "      <td>20100107</td>\n",
       "      <td>14860</td>\n",
       "      <td>14960</td>\n",
       "      <td>14420</td>\n",
       "      <td>14680</td>\n",
       "      <td>496205</td>\n",
       "      <td>14910.0</td>\n",
       "    </tr>\n",
       "    <tr>\n",
       "      <th>2852</th>\n",
       "      <td>카카오</td>\n",
       "      <td>A035720</td>\n",
       "      <td>20100108</td>\n",
       "      <td>14700</td>\n",
       "      <td>14700</td>\n",
       "      <td>14020</td>\n",
       "      <td>14580</td>\n",
       "      <td>574090</td>\n",
       "      <td>14700.0</td>\n",
       "    </tr>\n",
       "    <tr>\n",
       "      <th>2851</th>\n",
       "      <td>카카오</td>\n",
       "      <td>A035720</td>\n",
       "      <td>20100111</td>\n",
       "      <td>14640</td>\n",
       "      <td>14680</td>\n",
       "      <td>14180</td>\n",
       "      <td>14400</td>\n",
       "      <td>628700</td>\n",
       "      <td>14660.0</td>\n",
       "    </tr>\n",
       "    <tr>\n",
       "      <th>...</th>\n",
       "      <td>...</td>\n",
       "      <td>...</td>\n",
       "      <td>...</td>\n",
       "      <td>...</td>\n",
       "      <td>...</td>\n",
       "      <td>...</td>\n",
       "      <td>...</td>\n",
       "      <td>...</td>\n",
       "      <td>...</td>\n",
       "    </tr>\n",
       "    <tr>\n",
       "      <th>4</th>\n",
       "      <td>카카오</td>\n",
       "      <td>A035720</td>\n",
       "      <td>20210722</td>\n",
       "      <td>144500</td>\n",
       "      <td>148000</td>\n",
       "      <td>142500</td>\n",
       "      <td>147500</td>\n",
       "      <td>5759268</td>\n",
       "      <td>146250.0</td>\n",
       "    </tr>\n",
       "    <tr>\n",
       "      <th>3</th>\n",
       "      <td>카카오</td>\n",
       "      <td>A035720</td>\n",
       "      <td>20210723</td>\n",
       "      <td>148500</td>\n",
       "      <td>153500</td>\n",
       "      <td>147500</td>\n",
       "      <td>149500</td>\n",
       "      <td>5249906</td>\n",
       "      <td>151000.0</td>\n",
       "    </tr>\n",
       "    <tr>\n",
       "      <th>2</th>\n",
       "      <td>카카오</td>\n",
       "      <td>A035720</td>\n",
       "      <td>20210726</td>\n",
       "      <td>151500</td>\n",
       "      <td>153000</td>\n",
       "      <td>146500</td>\n",
       "      <td>147500</td>\n",
       "      <td>4071898</td>\n",
       "      <td>152250.0</td>\n",
       "    </tr>\n",
       "    <tr>\n",
       "      <th>1</th>\n",
       "      <td>카카오</td>\n",
       "      <td>A035720</td>\n",
       "      <td>20210727</td>\n",
       "      <td>147500</td>\n",
       "      <td>149000</td>\n",
       "      <td>145500</td>\n",
       "      <td>148000</td>\n",
       "      <td>3357695</td>\n",
       "      <td>148250.0</td>\n",
       "    </tr>\n",
       "    <tr>\n",
       "      <th>0</th>\n",
       "      <td>카카오</td>\n",
       "      <td>A035720</td>\n",
       "      <td>20210728</td>\n",
       "      <td>147000</td>\n",
       "      <td>149500</td>\n",
       "      <td>146500</td>\n",
       "      <td>148500</td>\n",
       "      <td>1978583</td>\n",
       "      <td>148250.0</td>\n",
       "    </tr>\n",
       "  </tbody>\n",
       "</table>\n",
       "<p>2856 rows × 9 columns</p>\n",
       "</div>"
      ],
      "text/plain": [
       "      종목명     종목코드        날짜      시가      고가      저가      종가      거래량  \\\n",
       "2855  카카오  A035720  20100105   14600   15060   14440   14800   620780   \n",
       "2854  카카오  A035720  20100106   14920   15040   14600   14860   362265   \n",
       "2853  카카오  A035720  20100107   14860   14960   14420   14680   496205   \n",
       "2852  카카오  A035720  20100108   14700   14700   14020   14580   574090   \n",
       "2851  카카오  A035720  20100111   14640   14680   14180   14400   628700   \n",
       "...   ...      ...       ...     ...     ...     ...     ...      ...   \n",
       "4     카카오  A035720  20210722  144500  148000  142500  147500  5759268   \n",
       "3     카카오  A035720  20210723  148500  153500  147500  149500  5249906   \n",
       "2     카카오  A035720  20210726  151500  153000  146500  147500  4071898   \n",
       "1     카카오  A035720  20210727  147500  149000  145500  148000  3357695   \n",
       "0     카카오  A035720  20210728  147000  149500  146500  148500  1978583   \n",
       "\n",
       "           거래가  \n",
       "2855   14830.0  \n",
       "2854   14980.0  \n",
       "2853   14910.0  \n",
       "2852   14700.0  \n",
       "2851   14660.0  \n",
       "...        ...  \n",
       "4     146250.0  \n",
       "3     151000.0  \n",
       "2     152250.0  \n",
       "1     148250.0  \n",
       "0     148250.0  \n",
       "\n",
       "[2856 rows x 9 columns]"
      ]
     },
     "execution_count": 6,
     "metadata": {},
     "output_type": "execute_result"
    }
   ],
   "source": [
    "data2"
   ]
  },
  {
   "cell_type": "code",
   "execution_count": 7,
   "id": "6dbd6ac5",
   "metadata": {},
   "outputs": [],
   "source": [
    "data2['거래량등락률']=(data2['거래량']-data2['거래량'].shift(1))/data2['거래량'].shift(1)*100"
   ]
  },
  {
   "cell_type": "code",
   "execution_count": 8,
   "id": "79009edb",
   "metadata": {},
   "outputs": [
    {
     "data": {
      "text/html": [
       "<div>\n",
       "<style scoped>\n",
       "    .dataframe tbody tr th:only-of-type {\n",
       "        vertical-align: middle;\n",
       "    }\n",
       "\n",
       "    .dataframe tbody tr th {\n",
       "        vertical-align: top;\n",
       "    }\n",
       "\n",
       "    .dataframe thead th {\n",
       "        text-align: right;\n",
       "    }\n",
       "</style>\n",
       "<table border=\"1\" class=\"dataframe\">\n",
       "  <thead>\n",
       "    <tr style=\"text-align: right;\">\n",
       "      <th></th>\n",
       "      <th>종목명</th>\n",
       "      <th>종목코드</th>\n",
       "      <th>날짜</th>\n",
       "      <th>시가</th>\n",
       "      <th>고가</th>\n",
       "      <th>저가</th>\n",
       "      <th>종가</th>\n",
       "      <th>거래량</th>\n",
       "      <th>거래가</th>\n",
       "      <th>거래량등락률</th>\n",
       "    </tr>\n",
       "  </thead>\n",
       "  <tbody>\n",
       "    <tr>\n",
       "      <th>2855</th>\n",
       "      <td>카카오</td>\n",
       "      <td>A035720</td>\n",
       "      <td>20100105</td>\n",
       "      <td>14600</td>\n",
       "      <td>15060</td>\n",
       "      <td>14440</td>\n",
       "      <td>14800</td>\n",
       "      <td>620780</td>\n",
       "      <td>14830.0</td>\n",
       "      <td>NaN</td>\n",
       "    </tr>\n",
       "    <tr>\n",
       "      <th>2854</th>\n",
       "      <td>카카오</td>\n",
       "      <td>A035720</td>\n",
       "      <td>20100106</td>\n",
       "      <td>14920</td>\n",
       "      <td>15040</td>\n",
       "      <td>14600</td>\n",
       "      <td>14860</td>\n",
       "      <td>362265</td>\n",
       "      <td>14980.0</td>\n",
       "      <td>-41.643577</td>\n",
       "    </tr>\n",
       "    <tr>\n",
       "      <th>2853</th>\n",
       "      <td>카카오</td>\n",
       "      <td>A035720</td>\n",
       "      <td>20100107</td>\n",
       "      <td>14860</td>\n",
       "      <td>14960</td>\n",
       "      <td>14420</td>\n",
       "      <td>14680</td>\n",
       "      <td>496205</td>\n",
       "      <td>14910.0</td>\n",
       "      <td>36.972934</td>\n",
       "    </tr>\n",
       "    <tr>\n",
       "      <th>2852</th>\n",
       "      <td>카카오</td>\n",
       "      <td>A035720</td>\n",
       "      <td>20100108</td>\n",
       "      <td>14700</td>\n",
       "      <td>14700</td>\n",
       "      <td>14020</td>\n",
       "      <td>14580</td>\n",
       "      <td>574090</td>\n",
       "      <td>14700.0</td>\n",
       "      <td>15.696134</td>\n",
       "    </tr>\n",
       "    <tr>\n",
       "      <th>2851</th>\n",
       "      <td>카카오</td>\n",
       "      <td>A035720</td>\n",
       "      <td>20100111</td>\n",
       "      <td>14640</td>\n",
       "      <td>14680</td>\n",
       "      <td>14180</td>\n",
       "      <td>14400</td>\n",
       "      <td>628700</td>\n",
       "      <td>14660.0</td>\n",
       "      <td>9.512446</td>\n",
       "    </tr>\n",
       "    <tr>\n",
       "      <th>...</th>\n",
       "      <td>...</td>\n",
       "      <td>...</td>\n",
       "      <td>...</td>\n",
       "      <td>...</td>\n",
       "      <td>...</td>\n",
       "      <td>...</td>\n",
       "      <td>...</td>\n",
       "      <td>...</td>\n",
       "      <td>...</td>\n",
       "      <td>...</td>\n",
       "    </tr>\n",
       "    <tr>\n",
       "      <th>4</th>\n",
       "      <td>카카오</td>\n",
       "      <td>A035720</td>\n",
       "      <td>20210722</td>\n",
       "      <td>144500</td>\n",
       "      <td>148000</td>\n",
       "      <td>142500</td>\n",
       "      <td>147500</td>\n",
       "      <td>5759268</td>\n",
       "      <td>146250.0</td>\n",
       "      <td>-44.674748</td>\n",
       "    </tr>\n",
       "    <tr>\n",
       "      <th>3</th>\n",
       "      <td>카카오</td>\n",
       "      <td>A035720</td>\n",
       "      <td>20210723</td>\n",
       "      <td>148500</td>\n",
       "      <td>153500</td>\n",
       "      <td>147500</td>\n",
       "      <td>149500</td>\n",
       "      <td>5249906</td>\n",
       "      <td>151000.0</td>\n",
       "      <td>-8.844214</td>\n",
       "    </tr>\n",
       "    <tr>\n",
       "      <th>2</th>\n",
       "      <td>카카오</td>\n",
       "      <td>A035720</td>\n",
       "      <td>20210726</td>\n",
       "      <td>151500</td>\n",
       "      <td>153000</td>\n",
       "      <td>146500</td>\n",
       "      <td>147500</td>\n",
       "      <td>4071898</td>\n",
       "      <td>152250.0</td>\n",
       "      <td>-22.438649</td>\n",
       "    </tr>\n",
       "    <tr>\n",
       "      <th>1</th>\n",
       "      <td>카카오</td>\n",
       "      <td>A035720</td>\n",
       "      <td>20210727</td>\n",
       "      <td>147500</td>\n",
       "      <td>149000</td>\n",
       "      <td>145500</td>\n",
       "      <td>148000</td>\n",
       "      <td>3357695</td>\n",
       "      <td>148250.0</td>\n",
       "      <td>-17.539806</td>\n",
       "    </tr>\n",
       "    <tr>\n",
       "      <th>0</th>\n",
       "      <td>카카오</td>\n",
       "      <td>A035720</td>\n",
       "      <td>20210728</td>\n",
       "      <td>147000</td>\n",
       "      <td>149500</td>\n",
       "      <td>146500</td>\n",
       "      <td>148500</td>\n",
       "      <td>1978583</td>\n",
       "      <td>148250.0</td>\n",
       "      <td>-41.073177</td>\n",
       "    </tr>\n",
       "  </tbody>\n",
       "</table>\n",
       "<p>2856 rows × 10 columns</p>\n",
       "</div>"
      ],
      "text/plain": [
       "      종목명     종목코드        날짜      시가      고가      저가      종가      거래량  \\\n",
       "2855  카카오  A035720  20100105   14600   15060   14440   14800   620780   \n",
       "2854  카카오  A035720  20100106   14920   15040   14600   14860   362265   \n",
       "2853  카카오  A035720  20100107   14860   14960   14420   14680   496205   \n",
       "2852  카카오  A035720  20100108   14700   14700   14020   14580   574090   \n",
       "2851  카카오  A035720  20100111   14640   14680   14180   14400   628700   \n",
       "...   ...      ...       ...     ...     ...     ...     ...      ...   \n",
       "4     카카오  A035720  20210722  144500  148000  142500  147500  5759268   \n",
       "3     카카오  A035720  20210723  148500  153500  147500  149500  5249906   \n",
       "2     카카오  A035720  20210726  151500  153000  146500  147500  4071898   \n",
       "1     카카오  A035720  20210727  147500  149000  145500  148000  3357695   \n",
       "0     카카오  A035720  20210728  147000  149500  146500  148500  1978583   \n",
       "\n",
       "           거래가     거래량등락률  \n",
       "2855   14830.0        NaN  \n",
       "2854   14980.0 -41.643577  \n",
       "2853   14910.0  36.972934  \n",
       "2852   14700.0  15.696134  \n",
       "2851   14660.0   9.512446  \n",
       "...        ...        ...  \n",
       "4     146250.0 -44.674748  \n",
       "3     151000.0  -8.844214  \n",
       "2     152250.0 -22.438649  \n",
       "1     148250.0 -17.539806  \n",
       "0     148250.0 -41.073177  \n",
       "\n",
       "[2856 rows x 10 columns]"
      ]
     },
     "execution_count": 8,
     "metadata": {},
     "output_type": "execute_result"
    }
   ],
   "source": [
    "data2"
   ]
  },
  {
   "cell_type": "code",
   "execution_count": 9,
   "id": "39f03f67",
   "metadata": {},
   "outputs": [
    {
     "data": {
      "text/html": [
       "<div>\n",
       "<style scoped>\n",
       "    .dataframe tbody tr th:only-of-type {\n",
       "        vertical-align: middle;\n",
       "    }\n",
       "\n",
       "    .dataframe tbody tr th {\n",
       "        vertical-align: top;\n",
       "    }\n",
       "\n",
       "    .dataframe thead th {\n",
       "        text-align: right;\n",
       "    }\n",
       "</style>\n",
       "<table border=\"1\" class=\"dataframe\">\n",
       "  <thead>\n",
       "    <tr style=\"text-align: right;\">\n",
       "      <th></th>\n",
       "      <th>날짜</th>\n",
       "      <th>시가</th>\n",
       "      <th>고가</th>\n",
       "      <th>저가</th>\n",
       "      <th>종가</th>\n",
       "      <th>거래량</th>\n",
       "      <th>거래가</th>\n",
       "      <th>거래량등락률</th>\n",
       "    </tr>\n",
       "  </thead>\n",
       "  <tbody>\n",
       "    <tr>\n",
       "      <th>count</th>\n",
       "      <td>2.856000e+03</td>\n",
       "      <td>2856.000000</td>\n",
       "      <td>2856.000000</td>\n",
       "      <td>2856.000000</td>\n",
       "      <td>2856.000000</td>\n",
       "      <td>2.856000e+03</td>\n",
       "      <td>2856.000000</td>\n",
       "      <td>2853.000000</td>\n",
       "    </tr>\n",
       "    <tr>\n",
       "      <th>mean</th>\n",
       "      <td>2.015353e+07</td>\n",
       "      <td>29100.357143</td>\n",
       "      <td>29577.703081</td>\n",
       "      <td>28636.253501</td>\n",
       "      <td>29102.219888</td>\n",
       "      <td>2.159951e+06</td>\n",
       "      <td>29339.030112</td>\n",
       "      <td>inf</td>\n",
       "    </tr>\n",
       "    <tr>\n",
       "      <th>std</th>\n",
       "      <td>3.353385e+04</td>\n",
       "      <td>23790.942526</td>\n",
       "      <td>24229.229787</td>\n",
       "      <td>23427.497681</td>\n",
       "      <td>23833.972480</td>\n",
       "      <td>2.342337e+06</td>\n",
       "      <td>24008.218432</td>\n",
       "      <td>NaN</td>\n",
       "    </tr>\n",
       "    <tr>\n",
       "      <th>min</th>\n",
       "      <td>2.010010e+07</td>\n",
       "      <td>13100.000000</td>\n",
       "      <td>13140.000000</td>\n",
       "      <td>12860.000000</td>\n",
       "      <td>13100.000000</td>\n",
       "      <td>0.000000e+00</td>\n",
       "      <td>13140.000000</td>\n",
       "      <td>-100.000000</td>\n",
       "    </tr>\n",
       "    <tr>\n",
       "      <th>25%</th>\n",
       "      <td>2.012111e+07</td>\n",
       "      <td>17820.000000</td>\n",
       "      <td>18035.000000</td>\n",
       "      <td>17600.000000</td>\n",
       "      <td>17855.000000</td>\n",
       "      <td>5.817850e+05</td>\n",
       "      <td>17927.500000</td>\n",
       "      <td>-30.475223</td>\n",
       "    </tr>\n",
       "    <tr>\n",
       "      <th>50%</th>\n",
       "      <td>2.015101e+07</td>\n",
       "      <td>22310.000000</td>\n",
       "      <td>22660.000000</td>\n",
       "      <td>22000.000000</td>\n",
       "      <td>22300.000000</td>\n",
       "      <td>1.473468e+06</td>\n",
       "      <td>22485.000000</td>\n",
       "      <td>-4.623138</td>\n",
       "    </tr>\n",
       "    <tr>\n",
       "      <th>75%</th>\n",
       "      <td>2.018090e+07</td>\n",
       "      <td>27200.000000</td>\n",
       "      <td>27705.000000</td>\n",
       "      <td>26700.000000</td>\n",
       "      <td>27145.000000</td>\n",
       "      <td>2.844839e+06</td>\n",
       "      <td>27400.000000</td>\n",
       "      <td>39.561380</td>\n",
       "    </tr>\n",
       "    <tr>\n",
       "      <th>max</th>\n",
       "      <td>2.021073e+07</td>\n",
       "      <td>172000.000000</td>\n",
       "      <td>173000.000000</td>\n",
       "      <td>161000.000000</td>\n",
       "      <td>169500.000000</td>\n",
       "      <td>2.611002e+07</td>\n",
       "      <td>172500.000000</td>\n",
       "      <td>inf</td>\n",
       "    </tr>\n",
       "  </tbody>\n",
       "</table>\n",
       "</div>"
      ],
      "text/plain": [
       "                 날짜             시가             고가             저가  \\\n",
       "count  2.856000e+03    2856.000000    2856.000000    2856.000000   \n",
       "mean   2.015353e+07   29100.357143   29577.703081   28636.253501   \n",
       "std    3.353385e+04   23790.942526   24229.229787   23427.497681   \n",
       "min    2.010010e+07   13100.000000   13140.000000   12860.000000   \n",
       "25%    2.012111e+07   17820.000000   18035.000000   17600.000000   \n",
       "50%    2.015101e+07   22310.000000   22660.000000   22000.000000   \n",
       "75%    2.018090e+07   27200.000000   27705.000000   26700.000000   \n",
       "max    2.021073e+07  172000.000000  173000.000000  161000.000000   \n",
       "\n",
       "                  종가           거래량            거래가       거래량등락률  \n",
       "count    2856.000000  2.856000e+03    2856.000000  2853.000000  \n",
       "mean    29102.219888  2.159951e+06   29339.030112          inf  \n",
       "std     23833.972480  2.342337e+06   24008.218432          NaN  \n",
       "min     13100.000000  0.000000e+00   13140.000000  -100.000000  \n",
       "25%     17855.000000  5.817850e+05   17927.500000   -30.475223  \n",
       "50%     22300.000000  1.473468e+06   22485.000000    -4.623138  \n",
       "75%     27145.000000  2.844839e+06   27400.000000    39.561380  \n",
       "max    169500.000000  2.611002e+07  172500.000000          inf  "
      ]
     },
     "execution_count": 9,
     "metadata": {},
     "output_type": "execute_result"
    }
   ],
   "source": [
    "data2.describe()"
   ]
  },
  {
   "cell_type": "code",
   "execution_count": 10,
   "id": "f3947689",
   "metadata": {},
   "outputs": [
    {
     "data": {
      "text/html": [
       "<div>\n",
       "<style scoped>\n",
       "    .dataframe tbody tr th:only-of-type {\n",
       "        vertical-align: middle;\n",
       "    }\n",
       "\n",
       "    .dataframe tbody tr th {\n",
       "        vertical-align: top;\n",
       "    }\n",
       "\n",
       "    .dataframe thead th {\n",
       "        text-align: right;\n",
       "    }\n",
       "</style>\n",
       "<table border=\"1\" class=\"dataframe\">\n",
       "  <thead>\n",
       "    <tr style=\"text-align: right;\">\n",
       "      <th></th>\n",
       "      <th>종목명</th>\n",
       "      <th>종목코드</th>\n",
       "      <th>날짜</th>\n",
       "      <th>시가</th>\n",
       "      <th>고가</th>\n",
       "      <th>저가</th>\n",
       "      <th>종가</th>\n",
       "      <th>거래량</th>\n",
       "      <th>거래가</th>\n",
       "    </tr>\n",
       "  </thead>\n",
       "  <tbody>\n",
       "    <tr>\n",
       "      <th>73</th>\n",
       "      <td>카카오</td>\n",
       "      <td>A035720</td>\n",
       "      <td>20210414</td>\n",
       "      <td>111600</td>\n",
       "      <td>111600</td>\n",
       "      <td>111600</td>\n",
       "      <td>111600</td>\n",
       "      <td>0</td>\n",
       "      <td>111600.0</td>\n",
       "    </tr>\n",
       "    <tr>\n",
       "      <th>74</th>\n",
       "      <td>카카오</td>\n",
       "      <td>A035720</td>\n",
       "      <td>20210413</td>\n",
       "      <td>111600</td>\n",
       "      <td>111600</td>\n",
       "      <td>111600</td>\n",
       "      <td>111600</td>\n",
       "      <td>0</td>\n",
       "      <td>111600.0</td>\n",
       "    </tr>\n",
       "    <tr>\n",
       "      <th>75</th>\n",
       "      <td>카카오</td>\n",
       "      <td>A035720</td>\n",
       "      <td>20210412</td>\n",
       "      <td>111600</td>\n",
       "      <td>111600</td>\n",
       "      <td>111600</td>\n",
       "      <td>111600</td>\n",
       "      <td>0</td>\n",
       "      <td>111600.0</td>\n",
       "    </tr>\n",
       "    <tr>\n",
       "      <th>1765</th>\n",
       "      <td>카카오</td>\n",
       "      <td>A035720</td>\n",
       "      <td>20140526</td>\n",
       "      <td>15620</td>\n",
       "      <td>15620</td>\n",
       "      <td>15620</td>\n",
       "      <td>15620</td>\n",
       "      <td>0</td>\n",
       "      <td>15620.0</td>\n",
       "    </tr>\n",
       "  </tbody>\n",
       "</table>\n",
       "</div>"
      ],
      "text/plain": [
       "      종목명     종목코드        날짜      시가      고가      저가      종가  거래량       거래가\n",
       "73    카카오  A035720  20210414  111600  111600  111600  111600    0  111600.0\n",
       "74    카카오  A035720  20210413  111600  111600  111600  111600    0  111600.0\n",
       "75    카카오  A035720  20210412  111600  111600  111600  111600    0  111600.0\n",
       "1765  카카오  A035720  20140526   15620   15620   15620   15620    0   15620.0"
      ]
     },
     "execution_count": 10,
     "metadata": {},
     "output_type": "execute_result"
    }
   ],
   "source": [
    "data[data['거래량']==0]"
   ]
  },
  {
   "cell_type": "code",
   "execution_count": 11,
   "id": "cf96cbf6",
   "metadata": {},
   "outputs": [
    {
     "data": {
      "text/html": [
       "<div>\n",
       "<style scoped>\n",
       "    .dataframe tbody tr th:only-of-type {\n",
       "        vertical-align: middle;\n",
       "    }\n",
       "\n",
       "    .dataframe tbody tr th {\n",
       "        vertical-align: top;\n",
       "    }\n",
       "\n",
       "    .dataframe thead th {\n",
       "        text-align: right;\n",
       "    }\n",
       "</style>\n",
       "<table border=\"1\" class=\"dataframe\">\n",
       "  <thead>\n",
       "    <tr style=\"text-align: right;\">\n",
       "      <th></th>\n",
       "      <th>종목명</th>\n",
       "      <th>종목코드</th>\n",
       "      <th>날짜</th>\n",
       "      <th>시가</th>\n",
       "      <th>고가</th>\n",
       "      <th>저가</th>\n",
       "      <th>종가</th>\n",
       "      <th>거래량</th>\n",
       "      <th>거래가</th>\n",
       "      <th>거래량등락률</th>\n",
       "    </tr>\n",
       "  </thead>\n",
       "  <tbody>\n",
       "    <tr>\n",
       "      <th>2855</th>\n",
       "      <td>카카오</td>\n",
       "      <td>A035720</td>\n",
       "      <td>20100105</td>\n",
       "      <td>14600</td>\n",
       "      <td>15060</td>\n",
       "      <td>14440</td>\n",
       "      <td>14800</td>\n",
       "      <td>620780</td>\n",
       "      <td>14830.0</td>\n",
       "      <td>NaN</td>\n",
       "    </tr>\n",
       "    <tr>\n",
       "      <th>2854</th>\n",
       "      <td>카카오</td>\n",
       "      <td>A035720</td>\n",
       "      <td>20100106</td>\n",
       "      <td>14920</td>\n",
       "      <td>15040</td>\n",
       "      <td>14600</td>\n",
       "      <td>14860</td>\n",
       "      <td>362265</td>\n",
       "      <td>14980.0</td>\n",
       "      <td>-41.643577</td>\n",
       "    </tr>\n",
       "    <tr>\n",
       "      <th>2853</th>\n",
       "      <td>카카오</td>\n",
       "      <td>A035720</td>\n",
       "      <td>20100107</td>\n",
       "      <td>14860</td>\n",
       "      <td>14960</td>\n",
       "      <td>14420</td>\n",
       "      <td>14680</td>\n",
       "      <td>496205</td>\n",
       "      <td>14910.0</td>\n",
       "      <td>36.972934</td>\n",
       "    </tr>\n",
       "    <tr>\n",
       "      <th>2852</th>\n",
       "      <td>카카오</td>\n",
       "      <td>A035720</td>\n",
       "      <td>20100108</td>\n",
